<?xml version="1.0"?>
<opencv_storage>
<calibration_time>"Sat 20 Jan 2018 04:40:52 PM MSK"</calibration_time>
<nr_of_frames>25</nr_of_frames>
<image_width>640</image_width>
<image_height>480</image_height>
<board_width>9</board_width>
<board_height>6</board_height>
<square_size>50.</square_size>
<fix_aspect_ratio>1.</fix_aspect_ratio>
<!-- flags: +fix_aspectRatio +fix_principal_point +zero_tangent_dist +fix_k4 +fix_k5 -->
<flags>6158</flags>
<fisheye_model>0</fisheye_model>
<camera_matrix type_id="opencv-matrix">
  <rows>3</rows>
  <cols>3</cols>
  <dt>d</dt>
  <data>
    6.7193715786269411e+02 0. 320.
    0. 6.7193715786269411e+02 240.
    0. 0. 1.</data></camera_matrix>
<distortion_coefficients type_id="opencv-matrix">
  <rows>5</rows>
  <cols>1</cols>
  <dt>d</dt>
  <data>
    1.0523591893122580e-02
    2.3330682637857278e-01
    0.
    0.
    -1.1193596771665795e+00</data></distortion_coefficients>
<avg_reprojection_error>2.1351834872639389e-01</avg_reprojection_error>
<per_view_reprojection_errors type_id="opencv-matrix">
  <rows>25</rows>
  <cols>1</cols>
  <dt>f</dt>
  <data>
    1.50547266e-01 1.62105456e-01 1.65199995e-01 1.64515883e-01
    1.62668034e-01 1.57835633e-01 1.36847168e-01 2.26261407e-01
    2.03774199e-01 3.82847786e-01 3.51955563e-01 2.80757248e-01
    1.34418428e-01 1.32909477e-01 1.68136656e-01 1.41366214e-01
    1.62857145e-01 1.44443199e-01 2.01184899e-01 2.41321608e-01
    2.27839857e-01 3.53854418e-01 2.55285531e-01 1.83396652e-01
    1.35464266e-01</data></per_view_reprojection_errors>
<!-- a set of 6-tuples (rotation vector + translation vector) for each view -->
<extrinsic_parameters type_id="opencv-matrix">
  <rows>25</rows>
  <cols>6</cols>
  <dt>d</dt>
  <data>
    -1.3615295159206137e-01 -4.2287405066767214e-01
    -1.4967478166601581e-02 -2.5258653230475633e+02
    -9.8812681179225578e+01 1.0427688237179307e+03
    -1.3431561472033809e-01 -4.2437599722991415e-01
    -1.4817828399075486e-02 -2.5266885242657665e+02
    -9.8726210464462895e+01 1.0416604296186722e+03
    -1.3488804138903276e-01 -4.2465395624093416e-01
    -1.4712868491990572e-02 -2.5264540340419458e+02
    -9.8808198308880193e+01 1.0415528218619061e+03
    -1.3625944286436881e-01 -4.2363210000622825e-01
    -1.4628397678451525e-02 -2.5284513376607114e+02
    -9.8418425216541976e+01 1.0423726320717660e+03
    -1.3621967773574656e-01 -4.2388174818100932e-01
    -1.4649672147503864e-02 -2.5291527771039063e+02
    -9.8304909792307242e+01 1.0423345547310023e+03
    -1.3603532376340993e-01 -4.2360935186844961e-01
    -1.4633024149989926e-02 -2.5295918691986989e+02
    -9.8219573762793502e+01 1.0424870637895033e+03
    -1.3575401672335932e-01 -4.1994431539109367e-01
    -1.6900570351935353e-02 -2.4975560348069209e+02
    -1.0177796928261603e+02 1.0397602766904663e+03
    -1.1503555911932879e-01 -4.1709724005625909e-01
    -3.2586905088088827e-02 -2.4720097820335687e+02
    -1.0181574369288860e+02 1.0193188923399364e+03
    -1.5885803981943386e-01 -4.0334342591891714e-01
    -5.4857975509549170e-02 -2.7378336102821123e+02
    -4.5755717522957909e+01 1.0317889212455443e+03
    -1.4327743925121394e-01 -4.3756794365510898e-01
    -5.8131785170730220e-02 -3.1059146504684304e+02
    -3.0802602069321200e+01 9.9114646967884869e+02
    -1.3323329922637595e-01 -5.1150286665885625e-01
    -4.7921985250387551e-02 -3.7746620436894239e+02
    -4.5376439161119521e+01 9.3332456701070384e+02
    -2.7951028672855177e-01 -5.8040733702179759e-01
    4.6525820599009435e-02 -4.2444429745031562e+02
    1.1195818454380834e+01 9.6871229611028298e+02
    -2.4277459369479260e-01 -3.8867018673105896e-01
    6.9171523832974521e-02 -2.3555454442158057e+02
    4.8149114846151209e+00 1.0507555455888405e+03
    -2.0812215481418475e-01 -3.8498764984632977e-01
    9.0753514742069663e-02 -2.1797010950695534e+02
    -2.6937949096357301e+01 1.0419378750472474e+03
    -1.9516854267131503e-01 -3.9908645892620981e-01
    8.3821309261826335e-02 -2.2968785760519916e+02
    -2.8429825169921266e+01 1.0345729576112919e+03
    -1.9869145040308861e-01 -4.0050902638172986e-01
    8.3085260061317848e-02 -2.2903652356097439e+02
    -3.8172221845856093e+01 1.0307519700936139e+03
    -1.9610711143457055e-01 -3.8622215278898619e-01
    8.5268649939863023e-02 -2.1699407748746037e+02
    -3.8857313641352789e+01 1.0335305101934784e+03
    -1.9122326497886841e-01 -3.8457126665673586e-01
    8.5686962414295048e-02 -2.1047115658099600e+02
    -4.6424754819069626e+01 1.0301982010986474e+03
    -2.1393646042875852e-01 -3.8874095611807014e-01
    1.0585545823821001e-01 -1.9830903714497677e+02
    -1.9667906096905227e+01 1.0345208347168550e+03
    -2.4750616696006375e-01 -3.9050109193513688e-01
    1.2814834589027235e-01 -1.9038614117391066e+02
    1.5303975686012617e+01 1.0442467603868154e+03
    -2.9117581585116226e-01 -4.0039520771837322e-01
    1.4979171649203102e-01 -1.9801026329854412e+02
    6.4412360378358457e+01 1.0566898658594303e+03
    -2.7950224402627605e-01 -3.7633107951894862e-01
    1.4604528358342825e-01 -2.1342411543652653e+02
    6.8110732005544904e+01 1.0797510681579811e+03
    -1.3789678377767506e-01 -4.8129050633154724e-01
    1.3222394222347963e-01 -2.8567853525650412e+02
    -7.2626314750639892e+01 1.0110860217287070e+03
    -1.0543664217670311e-01 -5.4323403626498168e-01
    1.1101237163137256e-01 -3.3004027369265566e+02
    -1.0989454013327376e+02 9.6714223639261650e+02
    -1.0262434786301690e-01 -5.4414505557403536e-01
    1.0371943283263127e-01 -3.4314974440669516e+02
    -1.1418465352032850e+02 9.7021195313208239e+02</data></extrinsic_parameters>
